Arsenal,0,0,0,0,3,6,9,10,11,14,17,20
Aston Villa,0,0,3,4,4,7,10,10,10,10,10,10
Brentford,0,3,4,5,5,8,9,12,12,12,12,12
Brighton and Hove Albion,0,3,6,6,9,12,13,14,15,15,16
Burnley,0,0,0,1,1,1,2,3,4,4,7,8
Chelsea,0,3,6,7,10,13,13,16,19,22,25,26
Crystal Palace,0,0,1,2,5,5,6,7,8,9,12,15
Everton,0,3,4,7,10,10,13,14,14,14,14,15
Leeds United,0,0,1,2,2,3,3,6,6,7,10,11
Leicester City,0,3,3,6,6,6,7,8,11,14,14,15
Liverpool,0,3,6,7,10,13,14,15,18,21,22,22
Manchester City,0,0,3,6,9,10,13,14,17,20,20,23
Manchester United,0,3,4,7,10,13,13,14,14,14,17,17
Newcastle United,0,0,0,1,1,2,3,3,3,4,4,5
Norwich City,0,0,0,0,0,0,0,1,2,2,2,5
Southampton,0,0,1,2,3,4,4,4,7,8,11,14
Tottenham Hotspur,0,3,6,9,9,9,9,12,15,15,15,16
Watford,0,3,3,3,3,6,7,7,7,10,10,10
West Ham United,0,3,6,7,8,8,11,11,14,17,20,23
Wolverhampton Wanderers,0,0,0,0,3,3,6,9,12,13,17,17
